function [cmp] = cmpbbr()
% colormap - blue to black to red
%%%%%%%%%%%%%%%%%%%%%%%%%%%%%%%%%%%%%%%%%%%%%%%%%%%%%%%%%%%%%%%%%%%%%%%%%%%

cmp = [0	1	1
0	0.953676201051622	0.994743743045849
0	0.909154624838714	0.989473562069583
0	0.866378737222894	0.984189308346927
0	0.825293344697421	0.978890830351182
0	0.785844573023346	0.973577973677171
0	0.747979846037263	0.968250580962479
0	0.711647864630648	0.962908491805878
0	0.676798585900804	0.957551542682784
0	0.643383202473398	0.952179566857650
0	0.611354121996598	0.946792394293127
0	0.580664946806805	0.941389851555854
0	0.551270453765982	0.935971761718732
0	0.523126574270587	0.930537944259497
0	0.496190374432090	0.925088214955449
0	0.470420035429100	0.919622385774120
0	0.445774834031082	0.914140264759719
0	0.422215123293673	0.908641655915130
0	0.399702313425598	0.903126359079253
0	0.378198852827176	0.897594169799468
0	0.357668209300432	0.892044879198968
0	0.338074851430800	0.886478273838710
0	0.319384230140423	0.880894135573714
0	0.301562760413058	0.875292241403428
0	0.284577803190568	0.869672363315837
0	0.268397647441014	0.864034268125010
0	0.252991492398354	0.858377717301731
0	0.238329429973720	0.852702466796850
0	0.224382427338313	0.847008266856970
0	0.211122309677880	0.841294861832047
0	0.198521743118795	0.835561989974469
0	0.186554217825737	0.829809383229146
0	0.175194031270960	0.824036767014105
0	0.164416271675171	0.818243859991056
0	0.154196801619993	0.812430373825368
0	0.144512241832030	0.806596012934837
0	0.135339955138534	0.800740474226593
0	0.126658030594664	0.794863446821464
0	0.118445267782339	0.788964611765038
0	0.110681161280697	0.783043641724628
0	0.103345885308145	0.777100200671286
0	0.0964202785360068	0.771133943545948
0	0.0898858290737708	0.765144515908723
0	0.0837246596259311	0.759131553570264
0	0.0779195128204289	0.753094682204079
0	0.0724537367086899	0.747033516938570
0	0.0673112704372587	0.740947661927454
0	0.0624766300910308	0.734836709897158
0	0.0579348947080819	0.728700241669645
0	0.0536716924660937	0.722537825659008
0	0.0496731870403774	0.716349017340029
0	0.0459260641334946	0.710133358686763
0	0.0424175181764751	0.703890377579046
0	0.0391352392016313	0.697619587174616
0	0.0360673998869713	0.691320485244392
0	0.0332026427722075	0.684992553468190
0	0.0305300676463636	0.678635256687954
0	0.0280392191069782	0.672248042115291
0	0.0257200742909057	0.665830338489825
0	0.0235630307767146	0.659381555184562
0	0.0215588946586827	0.652901081254090
0	0.0196988687923896	0.646388284421058
0	0.0179745412119066	0.639842509995931
0	0.0163778737185832	0.633263079724533
0	0.0149011906414316	0.626649290557341
0	0.0135371677691077	0.620000413333884
0	0.0122788214534898	0.613315691374932
0	0.0111194978848539	0.606594338974375
0	0.0100528625386468	0.599835539781868
0	0.00907288979385632	0.593038445066316
0	0.00817385272297792	0.586202171849221
0	0.00735031305357969	0.579325800895679
0	0.00659711130146364	0.572408374549403
0	0.00590935707542463	0.565448894396632
0	0.00528241955360625	0.558446318741931
0	0.00471191813145404	0.551399559876922
0	0.00419371324126585	0.544307481120606
0	0.00372389734333937	0.537168893607318
0	0.00329878608871687	0.529982552795297
0	0.00291490965352713	0.522747154665341
0	0.00256900424492455	0.515461331574982
0	0.00225800377862546	0.508123647728939
0	0.00197903172804162	0.500732594221178
0	0.00172939314501089	0.493286583597599
0	0.00150656685212511	0.485783943880992
0	0.00130819780665517	0.478222911991286
0	0.00113208963607328	0.470601626483951
0	0.000976197345172357	0.462918119517461
0	0.000838620194782713	0.455170307946528
0	0.000717594752085853	0.447355983421000
0	0.000611488112525489	0.439472801350135
0	0.000518791293315742	0.431518268567906
0	0.000438112798546534	0.423489729505835
0	0.000368172355886165	0.415384350644724
0	0.000307794824881088	0.407199102973763
0	0.000255904276852862	0.398930742133097
0	0.000211518246392308	0.390575785851442
0	0.000173742154450842	0.382130488210441
0	0.000141763903029005	0.373590810167988
0	0.000114848641462183	0.364952385647836
0	9.23337043035098e-05	0.356210482345050
0	7.36237208039693e-05	0.347359956195851
0	5.81858959896777e-05	0.338395198202300
0	4.55454633363615e-05	0.329310071967757
0	3.52813090410229e-05	0.320097839861529
0	2.70217678907951e-05	0.310751075152671
0	2.04405907289871e-05	0.301261556679922
0	1.52530835183181e-05	0.291620141578900
0	1.12124180013415e-05	0.281816610154270
0	8.10611395805847e-06	0.271839474991447
0	5.75269306072133e-06	0.261675743587100
0	3.99850432582597e-06	0.251310619731836
0	2.71472116329440e-06	0.240727122951469
0	1.79451002284660e-06	0.229905596443530
0	1.15037063756202e-06	0.218823060350857
0	7.11647864630648e-07	0.207452345807287
0	4.22215123293673e-07	0.195760910431157
0	2.38329429973720e-07	0.183709177474289
0	1.26658030594664e-07	0.171248138367048
0	6.24766300910308e-08	0.158315769931133
0	2.80392191069782e-08	0.144831450223920
0	1.11194978848539e-08	0.130686788666335
0	3.72389734333937e-09	0.115729529879365
0	9.76197345172357e-10	0.0997326855332743
0	1.73742154450842e-10	0.0823275179919393
0	1.52530835183181e-11	0.0628276549329591
0	2.38329429973720e-13	0.0395789424827833
0	0	0
0	0	0
0.0395789424827833	2.38329429973720e-13	0
0.0628276549329591	1.52530835183181e-11	0
0.0823275179919393	1.73742154450842e-10	0
0.0997326855332743	9.76197345172357e-10	0
0.115729529879365	3.72389734333937e-09	0
0.130686788666335	1.11194978848539e-08	0
0.144831450223920	2.80392191069782e-08	0
0.158315769931133	6.24766300910308e-08	0
0.171248138367048	1.26658030594664e-07	0
0.183709177474289	2.38329429973720e-07	0
0.195760910431157	4.22215123293673e-07	0
0.207452345807287	7.11647864630648e-07	0
0.218823060350857	1.15037063756202e-06	0
0.229905596443530	1.79451002284660e-06	0
0.240727122951469	2.71472116329440e-06	0
0.251310619731836	3.99850432582597e-06	0
0.261675743587100	5.75269306072133e-06	0
0.271839474991447	8.10611395805847e-06	0
0.281816610154270	1.12124180013415e-05	0
0.291620141578900	1.52530835183181e-05	0
0.301261556679922	2.04405907289871e-05	0
0.310751075152671	2.70217678907951e-05	0
0.320097839861529	3.52813090410229e-05	0
0.329310071967757	4.55454633363615e-05	0
0.338395198202300	5.81858959896777e-05	0
0.347359956195851	7.36237208039693e-05	0
0.356210482345050	9.23337043035098e-05	0
0.364952385647836	0.000114848641462183	0
0.373590810167988	0.000141763903029005	0
0.382130488210441	0.000173742154450842	0
0.390575785851442	0.000211518246392308	0
0.398930742133097	0.000255904276852862	0
0.407199102973763	0.000307794824881088	0
0.415384350644724	0.000368172355886165	0
0.423489729505835	0.000438112798546534	0
0.431518268567906	0.000518791293315742	0
0.439472801350135	0.000611488112525489	0
0.447355983421000	0.000717594752085853	0
0.455170307946528	0.000838620194782713	0
0.462918119517461	0.000976197345172357	0
0.470601626483951	0.00113208963607328	0
0.478222911991286	0.00130819780665517	0
0.485783943880992	0.00150656685212511	0
0.493286583597599	0.00172939314501089	0
0.500732594221178	0.00197903172804162	0
0.508123647728939	0.00225800377862546	0
0.515461331574982	0.00256900424492455	0
0.522747154665341	0.00291490965352713	0
0.529982552795297	0.00329878608871687	0
0.537168893607318	0.00372389734333937	0
0.544307481120606	0.00419371324126585	0
0.551399559876922	0.00471191813145404	0
0.558446318741931	0.00528241955360625	0
0.565448894396632	0.00590935707542463	0
0.572408374549403	0.00659711130146364	0
0.579325800895679	0.00735031305357969	0
0.586202171849221	0.00817385272297792	0
0.593038445066316	0.00907288979385632	0
0.599835539781868	0.0100528625386468	0
0.606594338974375	0.0111194978848539	0
0.613315691374932	0.0122788214534898	0
0.620000413333884	0.0135371677691077	0
0.626649290557341	0.0149011906414316	0
0.633263079724533	0.0163778737185832	0
0.639842509995931	0.0179745412119066	0
0.646388284421058	0.0196988687923896	0
0.652901081254090	0.0215588946586827	0
0.659381555184562	0.0235630307767146	0
0.665830338489825	0.0257200742909057	0
0.672248042115291	0.0280392191069782	0
